Label	Logit
1.0	0.41288331151008606
1.0	0.4142302870750427
1.0	0.4158421754837036
1.0	0.4129360020160675
1.0	0.4153687655925751
0.0	0.4176236689090729
1.0	0.41497325897216797
1.0	0.41568100452423096
0.0	0.4164496958255768
0.0	0.4131626486778259
1.0	0.4073115885257721
0.0	0.41476568579673767
1.0	0.41363242268562317
1.0	0.4149210453033447
1.0	0.4166106879711151
0.0	0.4160970449447632
0.0	0.4146876931190491
1.0	0.4131552278995514
0.0	0.4146713316440582
1.0	0.41545844078063965
0.0	0.4137607216835022
0.0	0.4145563244819641
0.0	0.41529959440231323
0.0	0.4158669114112854
1.0	0.4171547293663025
1.0	0.4140758514404297
1.0	0.4132256507873535
1.0	0.4177224934101105
0.0	0.4171523451805115
1.0	0.4182435870170593
1.0	0.41044655442237854
1.0	0.4163733720779419
1.0	0.4160572290420532
0.0	0.4128991663455963
1.0	0.4174737334251404
1.0	0.4116959571838379
0.0	0.4138064384460449
1.0	0.4153972268104553
0.0	0.4130253791809082
1.0	0.41736674308776855
0.0	0.41662588715553284
0.0	0.41369885206222534
1.0	0.41658538579940796
0.0	0.4106619358062744
0.0	0.41694390773773193
0.0	0.4166885018348694
1.0	0.4167840778827667
1.0	0.4135912358760834
0.0	0.41601425409317017
1.0	0.4163134694099426
1.0	0.4121699333190918
0.0	0.4156739413738251
1.0	0.4164644777774811
1.0	0.41510123014450073
1.0	0.4159417450428009
1.0	0.416266530752182
1.0	0.41555255651474
0.0	0.4195864796638489
0.0	0.41628551483154297
1.0	0.41484135389328003
0.0	0.4127623438835144
1.0	0.4151356518268585
1.0	0.41328921914100647
0.0	0.41029685735702515
0.0	0.4142662286758423
1.0	0.41488486528396606
0.0	0.4139729142189026
1.0	0.41515952348709106
0.0	0.4169030785560608
1.0	0.41347023844718933
1.0	0.41421788930892944
1.0	0.41518813371658325
0.0	0.4148140251636505
1.0	0.41541948914527893
1.0	0.4154510498046875
1.0	0.40904751420021057
1.0	0.41590070724487305
1.0	0.41607001423835754
0.0	0.41544651985168457
0.0	0.4170190989971161
0.0	0.4145812392234802
1.0	0.4129627048969269
0.0	0.4103720188140869
0.0	0.4176223576068878
0.0	0.41407865285873413
0.0	0.41409382224082947
1.0	0.4158594608306885
0.0	0.41551223397254944
0.0	0.41344961524009705
0.0	0.41382738947868347
1.0	0.4157831072807312
1.0	0.41167715191841125
1.0	0.416515052318573
1.0	0.41327622532844543
0.0	0.41303107142448425
1.0	0.41434913873672485
1.0	0.41594478487968445
1.0	0.41585084795951843
0.0	0.4140821099281311
0.0	0.41529086232185364
0.0	0.4148786962032318
1.0	0.4141305088996887
0.0	0.4172770082950592
0.0	0.41343802213668823
0.0	0.4159329831600189
0.0	0.4178540110588074
0.0	0.4154592752456665
1.0	0.4130464494228363
1.0	0.4135741889476776
1.0	0.4161892831325531
0.0	0.4140845239162445
0.0	0.4140721261501312
0.0	0.4127872586250305
1.0	0.41392192244529724
1.0	0.41423270106315613
0.0	0.4160962998867035
1.0	0.4147282838821411
1.0	0.41525739431381226
1.0	0.4140886962413788
1.0	0.41322988271713257
1.0	0.4153491258621216
0.0	0.4158746302127838
1.0	0.41746556758880615
1.0	0.4134841561317444
0.0	0.41212937235832214
0.0	0.4153714179992676
0.0	0.4161723852157593
0.0	0.4134628176689148
0.0	0.4140123128890991
1.0	0.4123900830745697
1.0	0.41527971625328064
1.0	0.41535648703575134
0.0	0.41573566198349
0.0	0.4150589108467102
1.0	0.4149070084095001
0.0	0.4155557453632355
1.0	0.4163350760936737
1.0	0.41656264662742615
1.0	0.4132840037345886
1.0	0.4151778221130371
0.0	0.41473981738090515
1.0	0.41479626297950745
0.0	0.4162219166755676
1.0	0.4134202301502228
1.0	0.4146103858947754
1.0	0.41464000940322876
1.0	0.414984792470932
1.0	0.41152775287628174
1.0	0.41605889797210693
1.0	0.4128141403198242
0.0	0.414775013923645
0.0	0.4149303138256073
1.0	0.4172667860984802
0.0	0.41548117995262146
0.0	0.4173823893070221
1.0	0.41298907995224
0.0	0.4076286554336548
0.0	0.41571691632270813
1.0	0.4127432107925415
0.0	0.41393622756004333
0.0	0.4137582778930664
0.0	0.41756385564804077
1.0	0.41413626074790955
1.0	0.4136101305484772
0.0	0.4141034483909607
0.0	0.40617719292640686
1.0	0.4142964482307434
0.0	0.4167414903640747
1.0	0.41414928436279297
0.0	0.4164966940879822
0.0	0.4146626889705658
0.0	0.4142742455005646
0.0	0.4163253605365753
1.0	0.4160016179084778
0.0	0.41616013646125793
0.0	0.4160335659980774
1.0	0.41596853733062744
1.0	0.4171378016471863
0.0	0.41554689407348633
0.0	0.4129238724708557
1.0	0.41290467977523804
0.0	0.416034072637558
0.0	0.4153856933116913
1.0	0.4149395525455475
0.0	0.4144934415817261
1.0	0.41643422842025757
1.0	0.41752898693084717
0.0	0.4155495762825012
0.0	0.4116019904613495
1.0	0.4158061146736145
0.0	0.41663122177124023
0.0	0.41097545623779297
1.0	0.4144061803817749
1.0	0.41108939051628113
1.0	0.415377140045166
1.0	0.4157530665397644
0.0	0.41423285007476807
0.0	0.413661390542984
0.0	0.41380783915519714
0.0	0.412048876285553
0.0	0.4137365520000458
1.0	0.4141311049461365
0.0	0.4155208468437195
1.0	0.416175901889801
0.0	0.41490471363067627
0.0	0.4144188463687897
0.0	0.41556134819984436
0.0	0.4160291254520416
1.0	0.4154222309589386
0.0	0.41585320234298706
0.0	0.4156455397605896
0.0	0.4129365086555481
0.0	0.41082775592803955
1.0	0.41683608293533325
1.0	0.4172959327697754
0.0	0.41603654623031616
1.0	0.41448068618774414
1.0	0.41403552889823914
0.0	0.415367990732193
0.0	0.41521868109703064
0.0	0.414966881275177
0.0	0.41506603360176086
0.0	0.41634321212768555
0.0	0.4174177646636963
1.0	0.4120865762233734
1.0	0.4170583486557007
0.0	0.41650426387786865
1.0	0.4171106815338135
0.0	0.41559264063835144
1.0	0.417847216129303
0.0	0.41528162360191345
1.0	0.4130869209766388
0.0	0.4159868061542511
0.0	0.41681015491485596
0.0	0.41388940811157227
0.0	0.4162059724330902
0.0	0.4171738922595978
0.0	0.4173341393470764
1.0	0.41390281915664673
1.0	0.41062459349632263
0.0	0.4161944091320038
1.0	0.4164612889289856
0.0	0.41696861386299133
1.0	0.4154870808124542
1.0	0.41202816367149353
0.0	0.41659754514694214
0.0	0.414965957403183
1.0	0.41471800208091736
0.0	0.4144185185432434
1.0	0.416287899017334
1.0	0.4156626760959625
1.0	0.41525205969810486
0.0	0.41328105330467224
1.0	0.4148801565170288
0.0	0.4147852063179016
0.0	0.416146457195282
1.0	0.4147163927555084
1.0	0.41697797179222107
1.0	0.41282933950424194
0.0	0.4146251082420349
1.0	0.41590675711631775
0.0	0.416483610868454
0.0	0.41590267419815063
0.0	0.4138377010822296
0.0	0.41607820987701416
0.0	0.41735559701919556
1.0	0.4167361557483673
1.0	0.41386598348617554
0.0	0.4134902358055115
1.0	0.41453760862350464
1.0	0.41139864921569824
1.0	0.41433802247047424
0.0	0.4165826737880707
1.0	0.41498851776123047
1.0	0.4144171178340912
1.0	0.41300490498542786
1.0	0.41357383131980896
0.0	0.4158135652542114
0.0	0.413335919380188
1.0	0.4174458086490631
1.0	0.41664379835128784
0.0	0.41766834259033203
1.0	0.4164731800556183
0.0	0.4126811623573303
0.0	0.40412265062332153
1.0	0.4153982400894165
0.0	0.4127556085586548
1.0	0.4165099859237671
1.0	0.4125274121761322
1.0	0.41569533944129944
1.0	0.41636595129966736
0.0	0.41041111946105957
0.0	0.4154408872127533
1.0	0.41625234484672546
0.0	0.4136750102043152
0.0	0.4161723256111145
0.0	0.4124862849712372
1.0	0.41522055864334106
1.0	0.4161474108695984
0.0	0.41623926162719727
0.0	0.4158598780632019
0.0	0.415391206741333
0.0	0.4176916480064392
1.0	0.4161525368690491
1.0	0.41276314854621887
1.0	0.4159385859966278
0.0	0.416759729385376
1.0	0.4139893352985382
1.0	0.4154066741466522
0.0	0.4126591682434082
0.0	0.41641926765441895
0.0	0.41035571694374084
0.0	0.4168144762516022
1.0	0.41340550780296326
0.0	0.4140861928462982
0.0	0.414916068315506
0.0	0.4134005904197693
1.0	0.41770145297050476
0.0	0.4148973822593689
0.0	0.41292786598205566
0.0	0.41449493169784546
0.0	0.41671958565711975
0.0	0.4145556688308716
0.0	0.41547513008117676
1.0	0.4163529574871063
1.0	0.4136844873428345
0.0	0.4164681136608124
1.0	0.4141826331615448
0.0	0.4126005470752716
0.0	0.4152268171310425
0.0	0.4147809147834778
0.0	0.411370187997818
0.0	0.417095422744751
1.0	0.4168989360332489
1.0	0.4133928716182709
0.0	0.4172586500644684
1.0	0.4154731333255768
1.0	0.4150557219982147
0.0	0.41581472754478455
1.0	0.41227447986602783
0.0	0.41591253876686096
0.0	0.4135342240333557
1.0	0.41695377230644226
1.0	0.4137926399707794
1.0	0.4148658812046051
0.0	0.4117620587348938
1.0	0.41456884145736694
1.0	0.4162619709968567
1.0	0.4157257080078125
1.0	0.41684263944625854
1.0	0.41516104340553284
0.0	0.4158405661582947
0.0	0.41677215695381165
1.0	0.4144827127456665
1.0	0.41179579496383667
1.0	0.416831374168396
0.0	0.4137876629829407
1.0	0.4162759482860565
0.0	0.4131571054458618
1.0	0.4156571328639984
0.0	0.4174363613128662
0.0	0.41617485880851746
0.0	0.415415495634079
0.0	0.416132390499115
1.0	0.4148923456668854
0.0	0.41313594579696655
0.0	0.4172300100326538
0.0	0.4142506420612335
0.0	0.4139285385608673
0.0	0.4185853898525238
1.0	0.41622471809387207
0.0	0.4104730486869812
0.0	0.4146905839443207
0.0	0.41511207818984985
0.0	0.41421371698379517
0.0	0.41627946496009827
0.0	0.41700270771980286
0.0	0.41364753246307373
1.0	0.4162457585334778
0.0	0.41503772139549255
0.0	0.4169197082519531
0.0	0.4172528386116028
1.0	0.4124722480773926
0.0	0.4129785895347595
1.0	0.41037505865097046
0.0	0.4156224727630615
0.0	0.4135431945323944
1.0	0.4144192934036255
0.0	0.41587427258491516
1.0	0.41696953773498535
0.0	0.4135254919528961
0.0	0.4162195026874542
0.0	0.41351157426834106
1.0	0.41333210468292236
1.0	0.4188078045845032
1.0	0.4157555103302002
1.0	0.41525545716285706
0.0	0.41448211669921875
0.0	0.40799522399902344
1.0	0.41693446040153503
0.0	0.4141111969947815
1.0	0.4153667092323303
1.0	0.41313546895980835
0.0	0.41518810391426086
0.0	0.4148769676685333
1.0	0.41554948687553406
1.0	0.41228771209716797
1.0	0.4179188013076782
0.0	0.41603749990463257
0.0	0.4165804088115692
0.0	0.4167829155921936
0.0	0.4148905575275421
1.0	0.4144603908061981
1.0	0.41573962569236755
0.0	0.41399872303009033
0.0	0.41544610261917114
1.0	0.4155305325984955
0.0	0.41449108719825745
1.0	0.41361039876937866
1.0	0.41564521193504333
0.0	0.41493844985961914
0.0	0.4129124879837036
1.0	0.415581613779068
0.0	0.4165705740451813
0.0	0.41588473320007324
1.0	0.41721993684768677
0.0	0.4148588180541992
1.0	0.41406747698783875
1.0	0.41536179184913635
1.0	0.41562411189079285
1.0	0.41610249876976013
1.0	0.41634783148765564
1.0	0.4148041605949402
1.0	0.4147172272205353
0.0	0.40781256556510925
1.0	0.4168868958950043
0.0	0.41418442130088806
0.0	0.41356009244918823
1.0	0.41591718792915344
1.0	0.41623255610466003
0.0	0.41587379574775696
0.0	0.4148593246936798
1.0	0.41548025608062744
1.0	0.4139178693294525
1.0	0.4145030677318573
1.0	0.41389569640159607
0.0	0.41414377093315125
0.0	0.4132545292377472
0.0	0.4177987575531006
0.0	0.4142266809940338
1.0	0.4129657447338104
1.0	0.4101770222187042
1.0	0.41493120789527893
0.0	0.4152148962020874
1.0	0.41524702310562134
1.0	0.41227486729621887
0.0	0.41611674427986145
1.0	0.41345909237861633
0.0	0.4133594334125519
0.0	0.4133176803588867
0.0	0.41749393939971924
1.0	0.4149102568626404
1.0	0.4147719740867615
0.0	0.4125989079475403
1.0	0.4136885702610016
0.0	0.41441547870635986
0.0	0.4146251380443573
0.0	0.4170471429824829
1.0	0.41028767824172974
1.0	0.41574588418006897
0.0	0.41592705249786377
1.0	0.4144130051136017
1.0	0.4108491539955139
1.0	0.4162400960922241
1.0	0.4153316020965576
1.0	0.4168645143508911
1.0	0.41237881779670715
0.0	0.4176010489463806
0.0	0.41530147194862366
1.0	0.41566744446754456
0.0	0.41397300362586975
1.0	0.4152819514274597
1.0	0.41033661365509033
1.0	0.41948044300079346
1.0	0.4158143997192383
0.0	0.4165312647819519
1.0	0.4142743945121765
1.0	0.4095563292503357
1.0	0.41508591175079346
0.0	0.4159369468688965
0.0	0.4136573076248169
0.0	0.4147093892097473
1.0	0.41602233052253723
1.0	0.4120981991291046
1.0	0.4155452251434326
0.0	0.41244369745254517
0.0	0.4174653887748718
1.0	0.41403719782829285
1.0	0.4152272641658783
1.0	0.41496479511260986
1.0	0.41672882437705994
0.0	0.4154821038246155
1.0	0.4169920086860657
0.0	0.4144611060619354
1.0	0.4152306020259857
0.0	0.4152615964412689
1.0	0.4130626618862152
1.0	0.415104478597641
0.0	0.4142354428768158
0.0	0.4160313010215759
0.0	0.4118940830230713
0.0	0.41226816177368164
1.0	0.41596969962120056
0.0	0.4152093827724457
0.0	0.41560617089271545
1.0	0.41392964124679565
0.0	0.41256052255630493
1.0	0.4145730137825012
0.0	0.4152446389198303
0.0	0.4144790470600128
0.0	0.4169199466705322
0.0	0.41427725553512573
1.0	0.4153127372264862
1.0	0.4116366505622864
0.0	0.41392892599105835
1.0	0.41531118750572205
0.0	0.4171508252620697
1.0	0.4141099154949188
1.0	0.4146136939525604
0.0	0.41440802812576294
1.0	0.4139988124370575
1.0	0.4154784381389618
1.0	0.4150053560733795
1.0	0.41436144709587097
1.0	0.4136144816875458
0.0	0.4154147803783417
0.0	0.41841474175453186
1.0	0.4175214171409607
1.0	0.4156547486782074
1.0	0.4125700294971466
1.0	0.4156562387943268
1.0	0.41314899921417236
0.0	0.4163082540035248
0.0	0.41693615913391113
0.0	0.41731545329093933
1.0	0.41217443346977234
1.0	0.4177846312522888
0.0	0.4123559296131134
0.0	0.416077196598053
1.0	0.41589561104774475
0.0	0.41404712200164795
1.0	0.41615015268325806
0.0	0.41706791520118713
0.0	0.41386842727661133
0.0	0.41445326805114746
1.0	0.4155771732330322
0.0	0.4172112047672272
0.0	0.41790422797203064
0.0	0.4154203534126282
0.0	0.41507551074028015
0.0	0.4143989384174347
1.0	0.4142996370792389
1.0	0.4158356785774231
0.0	0.41682809591293335
1.0	0.4134519696235657
1.0	0.41306719183921814
1.0	0.41579610109329224
1.0	0.41745516657829285
0.0	0.4164879024028778
1.0	0.4133828580379486
1.0	0.4157281816005707
1.0	0.4145472049713135
0.0	0.4150218665599823
1.0	0.4167773723602295
1.0	0.41620737314224243
1.0	0.41516241431236267
1.0	0.4160299301147461
1.0	0.41595566272735596
1.0	0.41544508934020996
1.0	0.4168752133846283
0.0	0.4172995984554291
1.0	0.41410067677497864
1.0	0.41661375761032104
1.0	0.4170304834842682
1.0	0.4165622889995575
0.0	0.41311031579971313
0.0	0.4163930118083954
0.0	0.4144660532474518
1.0	0.41451287269592285
1.0	0.41480541229248047
0.0	0.41412466764450073
1.0	0.4153505861759186
1.0	0.41358479857444763
0.0	0.41429024934768677
0.0	0.4116242825984955
0.0	0.40790536999702454
0.0	0.41580766439437866
0.0	0.41283634305000305
0.0	0.41472846269607544
1.0	0.41476160287857056
1.0	0.4154185354709625
1.0	0.417220801115036
0.0	0.41510796546936035
1.0	0.4158113896846771
1.0	0.41408097743988037
0.0	0.41591742634773254
1.0	0.41600072383880615
1.0	0.4166452884674072
1.0	0.4168585538864136
0.0	0.4164690673351288
0.0	0.41795265674591064
0.0	0.4155142605304718
1.0	0.4150308668613434
0.0	0.41691845655441284
0.0	0.41582190990448
0.0	0.41427507996559143
1.0	0.4108806252479553
1.0	0.41629523038864136
0.0	0.4140591323375702
1.0	0.4145834147930145
1.0	0.4133804142475128
1.0	0.4140923321247101
0.0	0.41637685894966125
0.0	0.4123480021953583
0.0	0.41448158025741577
1.0	0.41434767842292786
1.0	0.41398170590400696
1.0	0.41201236844062805
1.0	0.4132293164730072
0.0	0.4126511216163635
1.0	0.41498079895973206
0.0	0.4146379232406616
1.0	0.413678377866745
0.0	0.4175119400024414
0.0	0.41744136810302734
1.0	0.4157654345035553
1.0	0.41728803515434265
0.0	0.41511109471321106
1.0	0.41746973991394043
1.0	0.41599196195602417
1.0	0.41401854157447815
0.0	0.41496196389198303
0.0	0.4161408543586731
1.0	0.4109345078468323
1.0	0.4158160090446472
1.0	0.4116291105747223
0.0	0.41236817836761475
0.0	0.4143693745136261
1.0	0.41493725776672363
0.0	0.41085341572761536
1.0	0.41499122977256775
0.0	0.4081524610519409
1.0	0.4161681532859802
1.0	0.41742658615112305
0.0	0.4081461429595947
1.0	0.4148346185684204
1.0	0.4147210717201233
1.0	0.41316407918930054
1.0	0.41510483622550964
0.0	0.4169604480266571
1.0	0.4145377278327942
0.0	0.41763490438461304
0.0	0.41360288858413696
0.0	0.41617995500564575
1.0	0.4123016893863678
0.0	0.4153817594051361
1.0	0.41424328088760376
1.0	0.41636496782302856
0.0	0.4102376401424408
1.0	0.41292163729667664
0.0	0.4157245457172394
0.0	0.4177655577659607
0.0	0.4122355580329895
1.0	0.41339337825775146
1.0	0.41560131311416626
0.0	0.4143235981464386
1.0	0.416446715593338
0.0	0.41317304968833923
0.0	0.4159638285636902
0.0	0.40864136815071106
0.0	0.4160672724246979
0.0	0.4169098138809204
0.0	0.41645222902297974
1.0	0.4163030982017517
0.0	0.41647616028785706
0.0	0.4143041670322418
0.0	0.4115963280200958
1.0	0.41278836131095886
1.0	0.4150003492832184
0.0	0.41515830159187317
0.0	0.4143447279930115
1.0	0.4149790108203888
1.0	0.4143815338611603
0.0	0.416850209236145
0.0	0.4077121317386627
0.0	0.41462546586990356
0.0	0.412749707698822
0.0	0.416496217250824
0.0	0.4096733033657074
1.0	0.41795647144317627
1.0	0.41739484667778015
1.0	0.41738924384117126
0.0	0.41503992676734924
1.0	0.4155136048793793
1.0	0.4148414134979248
1.0	0.41571739315986633
1.0	0.4172822833061218
0.0	0.41345852613449097
0.0	0.4113502502441406
1.0	0.41682955622673035
0.0	0.4161595404148102
0.0	0.41311705112457275
0.0	0.4158231317996979
0.0	0.4129047691822052
0.0	0.4161894619464874
1.0	0.4126216173171997
0.0	0.4159494936466217
1.0	0.418099582195282
1.0	0.4133543372154236
1.0	0.41128209233283997
1.0	0.41347751021385193
0.0	0.4146326780319214
0.0	0.41325023770332336
1.0	0.41728538274765015
1.0	0.4144759178161621
1.0	0.4160114526748657
0.0	0.4174191355705261
0.0	0.4153572916984558
0.0	0.4118654727935791
1.0	0.41897398233413696
0.0	0.41569533944129944
1.0	0.4152723252773285
0.0	0.41713470220565796
1.0	0.4156588315963745
1.0	0.41734176874160767
1.0	0.41528812050819397
1.0	0.4091418981552124
0.0	0.4160514771938324
0.0	0.41277188062667847
0.0	0.41486024856567383
0.0	0.41624823212623596
1.0	0.4144386649131775
1.0	0.4150010943412781
0.0	0.4178961217403412
1.0	0.4146958291530609
1.0	0.41393598914146423
1.0	0.4133104383945465
1.0	0.41697072982788086
0.0	0.41440483927726746
1.0	0.4144202172756195
1.0	0.4141169786453247
0.0	0.411394864320755
0.0	0.41454097628593445
1.0	0.415926069021225
1.0	0.41666898131370544
0.0	0.4135727286338806
1.0	0.4166373610496521
1.0	0.4145076274871826
1.0	0.414925754070282
1.0	0.411088764667511
1.0	0.4167919456958771
0.0	0.41461271047592163
0.0	0.41652506589889526
0.0	0.41577062010765076
1.0	0.4124149680137634
0.0	0.41132667660713196
1.0	0.41457048058509827
0.0	0.4129970967769623
0.0	0.416200190782547
0.0	0.41480910778045654
1.0	0.4154086709022522
0.0	0.4157862067222595
0.0	0.415714830160141
0.0	0.4121101200580597
0.0	0.4137480556964874
1.0	0.41426342725753784
1.0	0.4132578670978546
0.0	0.41569316387176514
1.0	0.4149306118488312
1.0	0.41395092010498047
1.0	0.4131200611591339
1.0	0.41463786363601685
1.0	0.4165040850639343
0.0	0.41348057985305786
0.0	0.41149449348449707
1.0	0.4140689969062805
1.0	0.4170297384262085
1.0	0.4152041971683502
1.0	0.41511470079421997
1.0	0.41650012135505676
0.0	0.4160841703414917
1.0	0.41313374042510986
0.0	0.41681960225105286
0.0	0.41655099391937256
1.0	0.41207587718963623
1.0	0.41231459379196167
0.0	0.41223183274269104
1.0	0.4146868884563446
1.0	0.4160282015800476
1.0	0.41595014929771423
1.0	0.4127405285835266
0.0	0.41544610261917114
1.0	0.41406306624412537
1.0	0.4150960445404053
0.0	0.41873425245285034
1.0	0.4131549000740051
0.0	0.41549932956695557
1.0	0.4166899025440216
0.0	0.4148429036140442
1.0	0.41505464911460876
1.0	0.41706687211990356
0.0	0.4150179326534271
1.0	0.41652214527130127
1.0	0.41373926401138306
0.0	0.4100303649902344
1.0	0.4153950810432434
1.0	0.41434746980667114
0.0	0.4143255054950714
1.0	0.41623976826667786
0.0	0.4148825407028198
1.0	0.413158655166626
0.0	0.41465264558792114
1.0	0.414946049451828
0.0	0.41579678654670715
1.0	0.4117826223373413
0.0	0.4125828444957733
0.0	0.41630879044532776
0.0	0.41130298376083374
0.0	0.41521206498146057
1.0	0.412726491689682
1.0	0.41482606530189514
1.0	0.4110623300075531
1.0	0.4185406565666199
0.0	0.4146706461906433
1.0	0.4145471155643463
0.0	0.4164596199989319
0.0	0.41624394059181213
1.0	0.4147106111049652
1.0	0.4128055274486542
1.0	0.4161585569381714
0.0	0.4160599410533905
0.0	0.41626888513565063
1.0	0.41256195306777954
1.0	0.417957603931427
0.0	0.41358673572540283
0.0	0.41635236144065857
1.0	0.4132976531982422
1.0	0.41330888867378235
1.0	0.41060590744018555
1.0	0.41354015469551086
1.0	0.4158485233783722
1.0	0.4116201400756836
1.0	0.416197806596756
1.0	0.4123420715332031
0.0	0.41366079449653625
1.0	0.41596123576164246
1.0	0.4163748025894165
1.0	0.41597697138786316
1.0	0.4179701805114746
1.0	0.4157084822654724
1.0	0.4134918451309204
0.0	0.4146603047847748
1.0	0.41663071513175964
1.0	0.4171493351459503
0.0	0.41517338156700134
0.0	0.4161786437034607
0.0	0.41421109437942505
0.0	0.4155336916446686
1.0	0.4164201021194458
0.0	0.41495388746261597
0.0	0.4154069721698761
0.0	0.41536951065063477
0.0	0.4130614995956421
1.0	0.41486242413520813
0.0	0.4134818911552429
0.0	0.41302740573883057
1.0	0.4177854061126709
1.0	0.4152587056159973
1.0	0.41597893834114075
1.0	0.4184238314628601
0.0	0.41734135150909424
1.0	0.4139655530452728
1.0	0.4154295325279236
1.0	0.4163254499435425
0.0	0.41457024216651917
0.0	0.4159761667251587
0.0	0.4162205457687378
1.0	0.4144067168235779
1.0	0.4168001711368561
1.0	0.41524988412857056
1.0	0.41547664999961853
0.0	0.4088609218597412
0.0	0.41117680072784424
0.0	0.4145239293575287
1.0	0.4129401445388794
1.0	0.4143938422203064
0.0	0.4140605628490448
1.0	0.41498926281929016
0.0	0.41090112924575806
0.0	0.4106930196285248
1.0	0.4162987172603607
1.0	0.4169972240924835
1.0	0.4140875041484833
0.0	0.4157068431377411
0.0	0.41459736227989197
0.0	0.4165753126144409
1.0	0.41578447818756104
0.0	0.41504108905792236
0.0	0.4166489243507385
0.0	0.4122198522090912
0.0	0.41199108958244324
1.0	0.4164091944694519
0.0	0.41374439001083374
1.0	0.4110852777957916
1.0	0.41573527455329895
0.0	0.4170212745666504
0.0	0.4162750244140625
1.0	0.4151064157485962
1.0	0.4157083034515381
1.0	0.4164940416812897
0.0	0.4152107834815979
0.0	0.41533470153808594
0.0	0.41427916288375854
0.0	0.4143601953983307
1.0	0.4132595360279083
0.0	0.41558218002319336
1.0	0.41218504309654236
1.0	0.4153080880641937
0.0	0.41134315729141235
0.0	0.41115880012512207
0.0	0.41588976979255676
0.0	0.4125697910785675
1.0	0.4151868522167206
1.0	0.41254568099975586
0.0	0.4142986536026001
0.0	0.4178922176361084
0.0	0.4140196144580841
1.0	0.4149066209793091
1.0	0.4154838025569916
0.0	0.4185630679130554
0.0	0.415751576423645
1.0	0.41275930404663086
1.0	0.4153720438480377
0.0	0.4152967929840088
1.0	0.41757312417030334
0.0	0.41325145959854126
0.0	0.41584548354148865
1.0	0.41704049706459045
1.0	0.41054072976112366
0.0	0.4140986204147339
0.0	0.41575050354003906
0.0	0.4138970971107483
0.0	0.4141969084739685
1.0	0.41273796558380127
1.0	0.4182085692882538
1.0	0.4163249433040619
0.0	0.41350993514060974
1.0	0.41577985882759094
1.0	0.41528281569480896
0.0	0.414697527885437
1.0	0.41591525077819824
1.0	0.41454368829727173
0.0	0.4175277352333069
1.0	0.4136386811733246
0.0	0.41308313608169556
0.0	0.4174526035785675
1.0	0.4177232086658478
1.0	0.41674962639808655
1.0	0.41418686509132385
0.0	0.4147387444972992
0.0	0.4137105941772461
0.0	0.41410019993782043
0.0	0.4094623625278473
0.0	0.4154989421367645
1.0	0.4145824909210205
1.0	0.4139046370983124
0.0	0.41436660289764404
1.0	0.41452375054359436
1.0	0.41512423753738403
0.0	0.4143071472644806
1.0	0.41496583819389343
0.0	0.41284385323524475
0.0	0.4137074053287506
0.0	0.41619324684143066
0.0	0.4129452705383301
0.0	0.41857630014419556
0.0	0.4140004515647888
0.0	0.4156017601490021
1.0	0.4151269495487213
1.0	0.4142717123031616
0.0	0.4154500663280487
0.0	0.4176771640777588
0.0	0.41444265842437744
0.0	0.4145700931549072
1.0	0.41430309414863586
1.0	0.41533568501472473
0.0	0.4145333468914032
1.0	0.41686388850212097
1.0	0.41583871841430664
1.0	0.4144580662250519
0.0	0.417084664106369
1.0	0.4172234535217285
1.0	0.4147336184978485
1.0	0.41557708382606506
1.0	0.40895819664001465
0.0	0.4164339601993561
0.0	0.41836607456207275
1.0	0.41606447100639343
0.0	0.4150974452495575
1.0	0.41164422035217285
1.0	0.4161798357963562
0.0	0.4079206585884094
1.0	0.415027379989624
1.0	0.4138084053993225
0.0	0.41223281621932983
0.0	0.41583961248397827
1.0	0.4161825180053711
0.0	0.41592374444007874
0.0	0.41251054406166077
1.0	0.41531553864479065
0.0	0.41440093517303467
0.0	0.41513532400131226
1.0	0.41631758213043213
1.0	0.4161655008792877
0.0	0.41670963168144226
0.0	0.41286778450012207
1.0	0.4161068797111511
1.0	0.41786396503448486
0.0	0.41260507702827454
0.0	0.4115563929080963
1.0	0.4141336977481842
1.0	0.41382449865341187
1.0	0.41636979579925537
0.0	0.4161536991596222
0.0	0.41542643308639526
1.0	0.41086381673812866
0.0	0.41666147112846375
0.0	0.4151129424571991
1.0	0.41445192694664
1.0	0.4150426983833313
0.0	0.41734641790390015
1.0	0.415111243724823
0.0	0.41318461298942566
0.0	0.4136751890182495
0.0	0.41096508502960205
1.0	0.4149613380432129
0.0	0.4175868332386017
1.0	0.41582268476486206
1.0	0.4108547568321228
0.0	0.41543343663215637
1.0	0.41618359088897705
1.0	0.41577327251434326
1.0	0.4161759912967682
1.0	0.4130631983280182
0.0	0.4164833724498749
1.0	0.4151917099952698
0.0	0.41679292917251587
0.0	0.4145866930484772
1.0	0.4174446165561676
0.0	0.41427913308143616
1.0	0.4154031574726105
0.0	0.417226105928421
0.0	0.41529035568237305
0.0	0.41323280334472656
1.0	0.41707858443260193
1.0	0.41732317209243774
1.0	0.41568630933761597
0.0	0.412653386592865
1.0	0.41492465138435364
1.0	0.41376832127571106
0.0	0.41467177867889404
0.0	0.41605037450790405
0.0	0.41436469554901123
1.0	0.41422832012176514
1.0	0.41606464982032776
0.0	0.41283324360847473
0.0	0.41532573103904724
1.0	0.4158703684806824
0.0	0.41611042618751526
0.0	0.4144271910190582
1.0	0.4139750003814697
1.0	0.41437017917633057
1.0	0.4155695140361786
1.0	0.41486817598342896
0.0	0.41352346539497375
0.0	0.4153170585632324
0.0	0.4131641089916229
0.0	0.4137515723705292
0.0	0.41594478487968445
0.0	0.4143690764904022
0.0	0.41168397665023804
1.0	0.4152279198169708
1.0	0.41449323296546936
1.0	0.41636043787002563
1.0	0.41506826877593994
0.0	0.41030988097190857
0.0	0.41445010900497437
1.0	0.41313526034355164
0.0	0.4139818251132965
0.0	0.41616806387901306
1.0	0.41500166058540344
1.0	0.41563794016838074
1.0	0.4063175320625305
0.0	0.41794726252555847
1.0	0.4137074947357178
1.0	0.41489920020103455
0.0	0.4115239083766937
0.0	0.4162200391292572
1.0	0.4166378378868103
1.0	0.4142535626888275
0.0	0.4163369834423065
0.0	0.41426926851272583
1.0	0.4160013794898987
1.0	0.41387274861335754
1.0	0.41276705265045166
0.0	0.41636553406715393
1.0	0.4169902503490448
0.0	0.41668668389320374
1.0	0.41575750708580017
1.0	0.41596779227256775
1.0	0.41138848662376404
0.0	0.4142218828201294
0.0	0.41433069109916687
0.0	0.4135598838329315
1.0	0.4149288237094879
1.0	0.41325676441192627
0.0	0.41451820731163025
0.0	0.41594138741493225
1.0	0.41609877347946167
1.0	0.41407549381256104
1.0	0.4079195261001587
0.0	0.4114795923233032
0.0	0.41629502177238464
1.0	0.41459137201309204
0.0	0.41518470644950867
0.0	0.4148470163345337
1.0	0.41712644696235657
1.0	0.415283203125
1.0	0.4141233265399933
1.0	0.41042494773864746
1.0	0.4138016104698181
0.0	0.4171551465988159
0.0	0.4174973964691162
1.0	0.41467127203941345
0.0	0.4162471890449524
1.0	0.4164344370365143
1.0	0.4132305681705475
0.0	0.41575002670288086
1.0	0.41769203543663025
1.0	0.41689276695251465
1.0	0.41617682576179504
0.0	0.41556981205940247
0.0	0.415332555770874
1.0	0.41015908122062683
1.0	0.4162198603153229
1.0	0.4162641167640686
1.0	0.41539764404296875
0.0	0.4158942997455597
0.0	0.4178682863712311
0.0	0.4142310917377472
0.0	0.41656047105789185
1.0	0.4154204726219177
0.0	0.41677325963974
0.0	0.41579964756965637
1.0	0.4162384271621704
0.0	0.411344438791275
0.0	0.4129665791988373
0.0	0.4088612198829651
1.0	0.4156758487224579
1.0	0.4157860279083252
1.0	0.41653844714164734
0.0	0.41351744532585144
1.0	0.41613444685935974
1.0	0.4131096601486206
1.0	0.410341739654541
1.0	0.4137018620967865
0.0	0.4113309681415558
0.0	0.4151078462600708
0.0	0.41748908162117004
0.0	0.41408199071884155
0.0	0.4118613004684448
0.0	0.41374480724334717
1.0	0.4157348573207855
0.0	0.4160623848438263
0.0	0.4110095500946045
1.0	0.41519710421562195
0.0	0.41587013006210327
0.0	0.40883496403694153
0.0	0.41716718673706055
0.0	0.4137721359729767
1.0	0.41552767157554626
1.0	0.4169546961784363
0.0	0.41822728514671326
0.0	0.41284316778182983
0.0	0.4148193597793579
0.0	0.41717439889907837
1.0	0.4124930500984192
1.0	0.41074836254119873
0.0	0.4132341146469116
0.0	0.4177994728088379
1.0	0.4149928689002991
1.0	0.41250795125961304
0.0	0.41400936245918274
1.0	0.4163893759250641
1.0	0.41681066155433655
0.0	0.4148534834384918
0.0	0.41262108087539673
0.0	0.41419023275375366
1.0	0.41625475883483887
1.0	0.4118957221508026
1.0	0.4157209098339081
0.0	0.4130762815475464
0.0	0.41645723581314087
0.0	0.4129326641559601
1.0	0.4152964651584625
1.0	0.4133342206478119
1.0	0.41300511360168457
1.0	0.4168284833431244
0.0	0.417537122964859
0.0	0.41420140862464905
0.0	0.4142938256263733
1.0	0.4157556891441345
1.0	0.415739506483078
1.0	0.4185696542263031
0.0	0.41622745990753174
1.0	0.41581299901008606
1.0	0.4133933186531067
0.0	0.41715309023857117
0.0	0.41394126415252686
1.0	0.4154398441314697
0.0	0.41585323214530945
1.0	0.416948139667511
0.0	0.4145413041114807
1.0	0.4136148989200592
1.0	0.41875553131103516
0.0	0.4143553078174591
1.0	0.41305920481681824
1.0	0.41474854946136475
0.0	0.417633980512619
1.0	0.41589322686195374
1.0	0.4151311218738556
1.0	0.41364333033561707
1.0	0.41567036509513855
1.0	0.4113233685493469
0.0	0.4161728620529175
1.0	0.41570115089416504
0.0	0.414421945810318
0.0	0.4148445427417755
0.0	0.41453325748443604
0.0	0.4125070571899414
1.0	0.41637736558914185
0.0	0.4128406345844269
1.0	0.41233327984809875
0.0	0.41566967964172363
0.0	0.4156874716281891
1.0	0.41056564450263977
1.0	0.4134536683559418
1.0	0.41087600588798523
0.0	0.41604772210121155
1.0	0.41581130027770996
0.0	0.4178048372268677
1.0	0.41560304164886475
0.0	0.4113191068172455
0.0	0.4147387146949768
0.0	0.41615644097328186
0.0	0.41654184460639954
0.0	0.4156661629676819
1.0	0.4144579768180847
1.0	0.41733214259147644
0.0	0.4144442081451416
0.0	0.41785097122192383
1.0	0.41464149951934814
1.0	0.4158823490142822
1.0	0.41556650400161743
0.0	0.4124568998813629
0.0	0.41602829098701477
0.0	0.41523420810699463
0.0	0.41222965717315674
0.0	0.4153166115283966
0.0	0.4149038791656494
0.0	0.4155338704586029
1.0	0.4139305055141449
0.0	0.4168057441711426
0.0	0.4132346212863922
1.0	0.4175874590873718
1.0	0.41488343477249146
1.0	0.41229745745658875
1.0	0.41292014718055725
0.0	0.4141499996185303
0.0	0.4096645712852478
1.0	0.4136069715023041
0.0	0.41590577363967896
1.0	0.41133758425712585
0.0	0.40940672159194946
0.0	0.4124683737754822
1.0	0.4151827394962311
0.0	0.415262371301651
1.0	0.4128512740135193
0.0	0.41566506028175354
1.0	0.4156051576137543
0.0	0.4148080348968506
1.0	0.4119710326194763
0.0	0.4128597378730774
1.0	0.4144965708255768
0.0	0.41508373618125916
0.0	0.4133107662200928
1.0	0.41362982988357544
0.0	0.4158858060836792
1.0	0.4179675281047821
1.0	0.4199826419353485
0.0	0.41444340348243713
1.0	0.4124317765235901
0.0	0.4153960645198822
0.0	0.4159848093986511
0.0	0.4165901839733124
1.0	0.41003915667533875
0.0	0.4102095365524292
1.0	0.4143238067626953
0.0	0.4158354103565216
1.0	0.4159817397594452
0.0	0.4158966839313507
0.0	0.4147334694862366
0.0	0.4147026240825653
0.0	0.4145941138267517
1.0	0.41503533720970154
1.0	0.41626352071762085
1.0	0.4130428433418274
1.0	0.41546183824539185
0.0	0.4143504500389099
1.0	0.41458579897880554
0.0	0.417875200510025
0.0	0.4166308045387268
0.0	0.4130345582962036
0.0	0.4157874286174774
0.0	0.4144582152366638
0.0	0.41601136326789856
0.0	0.4153261184692383
1.0	0.4174335300922394
1.0	0.41215863823890686
1.0	0.4156753420829773
1.0	0.41404107213020325
0.0	0.4125789403915405
1.0	0.41571325063705444
0.0	0.41536545753479004
0.0	0.41302019357681274
0.0	0.4162726402282715
1.0	0.4172367453575134
0.0	0.4174324870109558
0.0	0.4121990203857422
1.0	0.4103153347969055
1.0	0.4121743142604828
1.0	0.41454243659973145
0.0	0.41468966007232666
0.0	0.4149206578731537
1.0	0.4132150113582611
0.0	0.41411104798316956
1.0	0.41601359844207764
0.0	0.41500186920166016
1.0	0.410807341337204
0.0	0.4136832654476166
1.0	0.4175501763820648
0.0	0.41600146889686584
1.0	0.41591861844062805
1.0	0.4152924120426178
1.0	0.4163704216480255
0.0	0.4176768958568573
0.0	0.41564780473709106
1.0	0.4156969487667084
1.0	0.41576024889945984
1.0	0.416642963886261
1.0	0.4145857095718384
1.0	0.41564199328422546
0.0	0.41334232687950134
1.0	0.41961514949798584
0.0	0.412102073431015
1.0	0.413337379693985
0.0	0.4136219918727875
1.0	0.4128097593784332
1.0	0.41717439889907837
0.0	0.4164600372314453
1.0	0.41099119186401367
1.0	0.4141790270805359
0.0	0.415297269821167
1.0	0.414151132106781
1.0	0.41520312428474426
0.0	0.4163001477718353
1.0	0.41366222500801086
0.0	0.4146738052368164
1.0	0.41420575976371765
0.0	0.4155403971672058
1.0	0.4147002398967743
1.0	0.41152602434158325
1.0	0.41538888216018677
1.0	0.4123040437698364
1.0	0.4152846038341522
1.0	0.4115852415561676
1.0	0.4147926867008209
1.0	0.41235536336898804
0.0	0.4179500639438629
0.0	0.4120992422103882
1.0	0.41463202238082886
1.0	0.4154697358608246
0.0	0.41541704535484314
1.0	0.4170089066028595
0.0	0.4141594469547272
1.0	0.4152374267578125
1.0	0.411878764629364
0.0	0.41446536779403687
0.0	0.41639918088912964
0.0	0.4134809970855713
1.0	0.4108894169330597
1.0	0.41666868329048157
1.0	0.4138225317001343
0.0	0.4164113402366638
0.0	0.4157482981681824
1.0	0.4147228002548218
0.0	0.4148291051387787
1.0	0.41395869851112366
1.0	0.4162917137145996
1.0	0.4142969250679016
0.0	0.4168221056461334
0.0	0.4145185351371765
0.0	0.415071964263916
0.0	0.413913756608963
1.0	0.4146301746368408
0.0	0.4144749343395233
1.0	0.41617828607559204
1.0	0.4156590402126312
1.0	0.4109771251678467
1.0	0.4111088216304779
1.0	0.41599592566490173
0.0	0.4171419143676758
0.0	0.41662177443504333
1.0	0.4140649437904358
0.0	0.4148743748664856
1.0	0.4174066185951233
0.0	0.4145212769508362
1.0	0.4147699177265167
1.0	0.4152522087097168
0.0	0.4154442846775055
1.0	0.416517436504364
1.0	0.4160740077495575
1.0	0.4141695499420166
0.0	0.4174831807613373
1.0	0.414931058883667
0.0	0.41851577162742615
0.0	0.41584596037864685
1.0	0.41557133197784424
0.0	0.41477298736572266
0.0	0.4161360561847687
0.0	0.4135480523109436
0.0	0.4134342074394226
0.0	0.4134060740470886
1.0	0.41712963581085205
0.0	0.4144098162651062
0.0	0.4157664179801941
0.0	0.4140905439853668
0.0	0.41692012548446655
1.0	0.416165292263031
0.0	0.41686782240867615
1.0	0.41475704312324524
0.0	0.41679543256759644
1.0	0.41430363059043884
0.0	0.415752112865448
1.0	0.4138903021812439
1.0	0.4162643849849701
1.0	0.4152614176273346
0.0	0.41531673073768616
0.0	0.4140193462371826
0.0	0.41252750158309937
1.0	0.41235533356666565
0.0	0.41591763496398926
0.0	0.41526174545288086
1.0	0.4158593416213989
0.0	0.417060911655426
0.0	0.41671106219291687
1.0	0.40854790806770325
0.0	0.41518524289131165
0.0	0.41479140520095825
0.0	0.4172056019306183
0.0	0.4167097508907318
0.0	0.4076975882053375
0.0	0.4151913821697235
0.0	0.4169204831123352
1.0	0.4155433177947998
1.0	0.4145556688308716
0.0	0.4130871891975403
0.0	0.41437003016471863
1.0	0.41270560026168823
1.0	0.4150103032588959
0.0	0.41597315669059753
0.0	0.41554784774780273
1.0	0.4155813753604889
1.0	0.4167777895927429
1.0	0.41674697399139404
1.0	0.4141761064529419
1.0	0.4125027060508728
1.0	0.41363781690597534
0.0	0.4115182161331177
0.0	0.4133257567882538
0.0	0.41605064272880554
1.0	0.41605180501937866
0.0	0.4155197739601135
1.0	0.4111499488353729
1.0	0.4128348231315613
0.0	0.41295427083969116
0.0	0.4151284098625183
1.0	0.4159284830093384
1.0	0.4150722920894623
1.0	0.4165315628051758
0.0	0.41523629426956177
1.0	0.4168321192264557
1.0	0.41514715552330017
1.0	0.4131898283958435
0.0	0.41588613390922546
0.0	0.4149450957775116
0.0	0.413595974445343
0.0	0.41416850686073303
0.0	0.40992000699043274
0.0	0.4180399179458618
0.0	0.41469675302505493
1.0	0.41356009244918823
1.0	0.41547638177871704
0.0	0.4157712757587433
1.0	0.41399914026260376
1.0	0.41483357548713684
1.0	0.41461363434791565
0.0	0.4154934287071228
1.0	0.4154598116874695
1.0	0.4127575159072876
0.0	0.4130871891975403
0.0	0.4143611788749695
1.0	0.416612446308136
0.0	0.41237887740135193
1.0	0.4140540063381195
0.0	0.415997713804245
0.0	0.4150356352329254
1.0	0.41437387466430664
0.0	0.4147762060165405
1.0	0.4136961102485657
0.0	0.41179952025413513
0.0	0.41387343406677246
0.0	0.4164751470088959
1.0	0.41483721137046814
1.0	0.41327178478240967
1.0	0.4150744080543518
1.0	0.416098028421402
1.0	0.4158136546611786
1.0	0.4174697995185852
1.0	0.4116981327533722
0.0	0.4149837791919708
1.0	0.41605982184410095
1.0	0.4152126610279083
1.0	0.4132198691368103
1.0	0.4159298837184906
0.0	0.4156622290611267
0.0	0.4158555269241333
1.0	0.41499239206314087
0.0	0.41660216450691223
1.0	0.41402506828308105
0.0	0.41618481278419495
1.0	0.41844940185546875
0.0	0.41416797041893005
0.0	0.41671380400657654
1.0	0.4159095883369446
0.0	0.4130997359752655
0.0	0.4156489968299866
1.0	0.4131951630115509
0.0	0.41457122564315796
0.0	0.40982452034950256
0.0	0.4155038893222809
0.0	0.411476731300354
0.0	0.414294958114624
1.0	0.41343599557876587
1.0	0.4180312156677246
0.0	0.41486242413520813
1.0	0.4111660420894623
0.0	0.41614022850990295
0.0	0.41459155082702637
1.0	0.41638851165771484
1.0	0.41458871960639954
1.0	0.41525134444236755
0.0	0.41285884380340576
0.0	0.41538092494010925
0.0	0.4128821790218353
1.0	0.4170791208744049
0.0	0.417233407497406
0.0	0.4134259521961212
1.0	0.4125223159790039
0.0	0.41650983691215515
0.0	0.4126702845096588
0.0	0.4131964147090912
0.0	0.4172542095184326
1.0	0.41690704226493835
0.0	0.41410982608795166
0.0	0.41464775800704956
0.0	0.4153587222099304
0.0	0.41274020075798035
1.0	0.41658875346183777
0.0	0.41349175572395325
0.0	0.413066565990448
1.0	0.41612422466278076
0.0	0.41074398159980774
1.0	0.4161136746406555
1.0	0.4159387946128845
1.0	0.4184383749961853
1.0	0.41412103176116943
1.0	0.41251710057258606
0.0	0.41363584995269775
0.0	0.4160512387752533
0.0	0.4150349199771881
1.0	0.4147491157054901
1.0	0.41130611300468445
0.0	0.41338327527046204
0.0	0.4152444005012512
1.0	0.41611695289611816
0.0	0.4082674980163574
1.0	0.4126276671886444
1.0	0.4139929413795471
0.0	0.4126066267490387
0.0	0.4141328036785126
0.0	0.4153241217136383
0.0	0.41483280062675476
0.0	0.4134471118450165
1.0	0.41692915558815
1.0	0.4153439998626709
1.0	0.4168076813220978
0.0	0.41526955366134644
1.0	0.41459324955940247
1.0	0.41216588020324707
0.0	0.41471946239471436
1.0	0.41817706823349
1.0	0.41763052344322205
1.0	0.4100935459136963
0.0	0.4154805839061737
1.0	0.4158208668231964
1.0	0.41248196363449097
1.0	0.4169277548789978
1.0	0.41454383730888367
0.0	0.4148882031440735
0.0	0.4135982096195221
1.0	0.4152792692184448
0.0	0.41212499141693115
1.0	0.4162845015525818
1.0	0.416763037443161
0.0	0.41582491993904114
1.0	0.4141938388347626
0.0	0.4135821759700775
1.0	0.4155442714691162
0.0	0.4102616310119629
0.0	0.4168414771556854
0.0	0.4153621792793274
0.0	0.4164360463619232
1.0	0.41166961193084717
0.0	0.4147637188434601
1.0	0.4185402989387512
1.0	0.4148977994918823
1.0	0.41699540615081787
1.0	0.41185271739959717
0.0	0.4169618487358093
0.0	0.41352975368499756
0.0	0.41639649868011475
1.0	0.4157518148422241
0.0	0.41430315375328064
1.0	0.4140303134918213
1.0	0.41577547788619995
0.0	0.4138302803039551
1.0	0.41605740785598755
0.0	0.414212167263031
0.0	0.41648808121681213
0.0	0.4147879183292389
0.0	0.4140355587005615
1.0	0.4121609032154083
0.0	0.4131332039833069
1.0	0.41326603293418884
0.0	0.41334933042526245
0.0	0.41671890020370483
1.0	0.4157053530216217
0.0	0.4117262065410614
1.0	0.4152209460735321
0.0	0.4105316400527954
0.0	0.41649195551872253
0.0	0.414714515209198
1.0	0.41343027353286743
0.0	0.4148479402065277
0.0	0.4159609079360962
1.0	0.4145297408103943
1.0	0.41439536213874817
1.0	0.4153349995613098
1.0	0.41327816247940063
1.0	0.41650885343551636
0.0	0.41519635915756226
1.0	0.41624319553375244
0.0	0.41785916686058044
1.0	0.4158564805984497
0.0	0.4076456129550934
1.0	0.41488203406333923
1.0	0.41442251205444336
1.0	0.4136461913585663
0.0	0.41407474875450134
0.0	0.41778799891471863
0.0	0.4114155173301697
0.0	0.4161478281021118
1.0	0.4162292778491974
1.0	0.41504397988319397
1.0	0.41623109579086304
1.0	0.41472992300987244
1.0	0.41331812739372253
1.0	0.4146871268749237
1.0	0.4188918173313141
1.0	0.41574928164482117
0.0	0.4139171838760376
1.0	0.412788987159729
1.0	0.4149704575538635
1.0	0.41690793633461
1.0	0.41530928015708923
0.0	0.4151872396469116
1.0	0.4159510135650635
1.0	0.4153708219528198
1.0	0.4159683883190155
1.0	0.4171633720397949
0.0	0.41702285408973694
1.0	0.4137052893638611
0.0	0.414675235748291
0.0	0.4164927899837494
1.0	0.4160202741622925
0.0	0.41401490569114685
1.0	0.41568470001220703
0.0	0.4135549068450928
1.0	0.41519051790237427
0.0	0.4096846580505371
1.0	0.4162057936191559
0.0	0.4160454571247101
0.0	0.4157484769821167
1.0	0.4138946831226349
1.0	0.41485801339149475
1.0	0.4146445393562317
0.0	0.40983846783638
1.0	0.40849432349205017
1.0	0.4157673120498657
0.0	0.4142191410064697
1.0	0.41760605573654175
0.0	0.41548869013786316
0.0	0.41478389501571655
1.0	0.4138197600841522
1.0	0.415509968996048
1.0	0.41538292169570923
1.0	0.4158235490322113
1.0	0.4139130115509033
1.0	0.4118657410144806
0.0	0.4139203727245331
0.0	0.4160084128379822
0.0	0.4171949028968811
1.0	0.4152328670024872
0.0	0.4112158417701721
1.0	0.41727393865585327
1.0	0.41338416934013367
1.0	0.4126865565776825
0.0	0.41609469056129456
0.0	0.41623619198799133
0.0	0.4143643081188202
0.0	0.4131808876991272
1.0	0.41531142592430115
1.0	0.4163735508918762
1.0	0.4157732129096985
1.0	0.41552332043647766
1.0	0.4131411910057068
1.0	0.4176064729690552
1.0	0.41801679134368896
0.0	0.4125577509403229
1.0	0.4165545403957367
1.0	0.4134824573993683
0.0	0.40872880816459656
0.0	0.41468486189842224
1.0	0.4120580554008484
0.0	0.4163382947444916
0.0	0.412692666053772
0.0	0.4143432080745697
1.0	0.4200834631919861
0.0	0.41423243284225464
1.0	0.41274702548980713
0.0	0.41661953926086426
0.0	0.41661813855171204
1.0	0.41248196363449097
0.0	0.42006415128707886
0.0	0.41690242290496826
0.0	0.4132736921310425
0.0	0.4182042181491852
0.0	0.4168364405632019
1.0	0.41441529989242554
1.0	0.4140448272228241
0.0	0.41656723618507385
1.0	0.412270188331604
1.0	0.42001262307167053
1.0	0.4185503125190735
0.0	0.41309309005737305
1.0	0.41372406482696533
0.0	0.41747358441352844
1.0	0.4138141870498657
0.0	0.41251030564308167
1.0	0.41273874044418335
1.0	0.4161721169948578
0.0	0.41374868154525757
1.0	0.4156700074672699
0.0	0.4153992831707001
1.0	0.4167364537715912
1.0	0.4160362184047699
1.0	0.414405882358551
1.0	0.4143088459968567
1.0	0.41606295108795166
0.0	0.4162297546863556
1.0	0.416792094707489
0.0	0.41560837626457214
0.0	0.41520994901657104
1.0	0.4151483476161957
0.0	0.41010430455207825
1.0	0.41467544436454773
0.0	0.4171190559864044
0.0	0.41430041193962097
1.0	0.4137629270553589
0.0	0.41604214906692505
1.0	0.41638872027397156
1.0	0.4160764217376709
1.0	0.41589388251304626
0.0	0.41372010111808777
0.0	0.4165443181991577
0.0	0.4095599949359894
1.0	0.41411006450653076
1.0	0.41375991702079773
1.0	0.4122723639011383
0.0	0.41477108001708984
0.0	0.4117079973220825
1.0	0.4132615625858307
0.0	0.41582831740379333
1.0	0.4164251387119293
1.0	0.4149331748485565
1.0	0.41482362151145935
0.0	0.4133075773715973
1.0	0.4158448576927185
1.0	0.4197218418121338
1.0	0.4165259599685669
0.0	0.41375166177749634
0.0	0.415951132774353
1.0	0.41448041796684265
1.0	0.4143144488334656
0.0	0.4176355004310608
1.0	0.41551443934440613
1.0	0.41752299666404724
1.0	0.4143776595592499
0.0	0.4142676293849945
0.0	0.4150877594947815
1.0	0.408374160528183
1.0	0.4174913167953491
0.0	0.4116688668727875
0.0	0.4150583744049072
1.0	0.41487401723861694
1.0	0.4165762662887573
1.0	0.4145767092704773
0.0	0.4133535921573639
0.0	0.41382262110710144
1.0	0.41550421714782715
0.0	0.4115661084651947
0.0	0.40763285756111145
1.0	0.4136255085468292
0.0	0.41431158781051636
1.0	0.4143016040325165
1.0	0.41498520970344543
0.0	0.415477454662323
1.0	0.4157472252845764
0.0	0.4130711257457733
0.0	0.4176967144012451
0.0	0.412300169467926
1.0	0.4169381558895111
1.0	0.415913850069046
1.0	0.41541680693626404
1.0	0.4155847430229187
1.0	0.41708695888519287
1.0	0.41317322850227356
1.0	0.41640815138816833
0.0	0.4152238368988037
1.0	0.4139689803123474
1.0	0.41560792922973633
0.0	0.41655123233795166
1.0	0.4161214530467987
1.0	0.4163733124732971
0.0	0.41719895601272583
0.0	0.40819063782691956
1.0	0.4152505695819855
1.0	0.41365787386894226
0.0	0.4115521311759949
0.0	0.41554078459739685
1.0	0.41479256749153137
1.0	0.41356420516967773
0.0	0.4160507321357727
0.0	0.41587337851524353
0.0	0.4164557456970215
1.0	0.41139164566993713
1.0	0.4169512391090393
0.0	0.4137180745601654
1.0	0.41669222712516785
1.0	0.41502270102500916
0.0	0.41536977887153625
1.0	0.4132704436779022
1.0	0.41591253876686096
0.0	0.4129942059516907
0.0	0.4129789173603058
0.0	0.41620513796806335
0.0	0.41298484802246094
0.0	0.4146798253059387
0.0	0.41510143876075745
0.0	0.4158208668231964
1.0	0.4152050316333771
0.0	0.41440367698669434
0.0	0.4148266911506653
0.0	0.4152454733848572
0.0	0.4121840000152588
0.0	0.41536208987236023
1.0	0.4132157862186432
0.0	0.4107028841972351
1.0	0.41241806745529175
0.0	0.4140779972076416
1.0	0.4091879427433014
1.0	0.41558516025543213
0.0	0.41397300362586975
0.0	0.4114909768104553
0.0	0.41533535718917847
1.0	0.41316547989845276
1.0	0.4166043698787689
0.0	0.4142839312553406
0.0	0.41501089930534363
1.0	0.4146612286567688
0.0	0.4161674380302429
1.0	0.41406846046447754
1.0	0.41325268149375916
0.0	0.41417279839515686
1.0	0.41357752680778503
1.0	0.413789302110672
0.0	0.4140457212924957
0.0	0.4158143997192383
1.0	0.41490083932876587
0.0	0.41137218475341797
0.0	0.41395166516304016
1.0	0.411082923412323
1.0	0.41471749544143677
0.0	0.41498175263404846
1.0	0.41788965463638306
0.0	0.4161178469657898
0.0	0.4146154820919037
1.0	0.41583311557769775
1.0	0.4155294895172119
0.0	0.41520723700523376
1.0	0.4121917486190796
1.0	0.41643092036247253
0.0	0.4151988923549652
1.0	0.41338807344436646
1.0	0.41546350717544556
0.0	0.4145122170448303
1.0	0.4158439040184021
1.0	0.4133666455745697
0.0	0.41518455743789673
1.0	0.41726064682006836
1.0	0.41295209527015686
0.0	0.41696277260780334
0.0	0.4098818004131317
1.0	0.4095096290111542
1.0	0.4153365194797516
0.0	0.4138442575931549
0.0	0.41475504636764526
1.0	0.4138571619987488
0.0	0.41615986824035645
1.0	0.4160701334476471
1.0	0.4156894087791443
1.0	0.4101642072200775
0.0	0.4141348898410797
0.0	0.4151916205883026
1.0	0.4158509075641632
0.0	0.41791948676109314
1.0	0.4158206880092621
1.0	0.4143262207508087
1.0	0.4174302816390991
0.0	0.41458219289779663
1.0	0.41513827443122864
1.0	0.4124733805656433
1.0	0.4151543378829956
0.0	0.4154023826122284
0.0	0.41305628418922424
0.0	0.4140487313270569
1.0	0.4139600694179535
1.0	0.412249356508255
1.0	0.4133892059326172
0.0	0.41653957962989807
0.0	0.41491323709487915
1.0	0.4150637686252594
0.0	0.4132838249206543
1.0	0.41562917828559875
1.0	0.4185234606266022
0.0	0.41710180044174194
0.0	0.41640472412109375
0.0	0.41311967372894287
1.0	0.41619959473609924
1.0	0.41676440834999084
1.0	0.41233253479003906
0.0	0.4135987460613251
1.0	0.4152188301086426
1.0	0.4174298346042633
0.0	0.41306719183921814
0.0	0.41343459486961365
1.0	0.4149478077888489
0.0	0.4122013747692108
1.0	0.41441041231155396
0.0	0.4150673747062683
1.0	0.4167836606502533
0.0	0.41380441188812256
1.0	0.4158410131931305
0.0	0.4084363579750061
1.0	0.4146721065044403
0.0	0.41394758224487305
1.0	0.41616004705429077
1.0	0.4168511629104614
1.0	0.4152556359767914
0.0	0.4171643555164337
1.0	0.41523638367652893
1.0	0.41484272480010986
1.0	0.41379526257514954
1.0	0.41206976771354675
1.0	0.4149199426174164
0.0	0.41485726833343506
1.0	0.41147881746292114
0.0	0.41446083784103394
0.0	0.41626444458961487
1.0	0.4159482419490814
0.0	0.4134741425514221
0.0	0.41407981514930725
0.0	0.4160674214363098
0.0	0.41428038477897644
0.0	0.4171658456325531
0.0	0.4160725176334381
0.0	0.41171568632125854
0.0	0.41346925497055054
1.0	0.4113791882991791
0.0	0.4156380891799927
1.0	0.41407835483551025
1.0	0.4108668267726898
0.0	0.4129263162612915
0.0	0.4146629273891449
0.0	0.4156854748725891
0.0	0.4138343632221222
1.0	0.415937602519989
0.0	0.4128130078315735
0.0	0.414511114358902
1.0	0.41571417450904846
0.0	0.4123629927635193
1.0	0.4140123724937439
0.0	0.4110068678855896
1.0	0.4160586893558502
0.0	0.4089196026325226
0.0	0.4154007136821747
1.0	0.414774090051651
0.0	0.4150090515613556
1.0	0.4149119257926941
0.0	0.41583386063575745
0.0	0.4183015823364258
0.0	0.4152590334415436
0.0	0.4150296747684479
1.0	0.4147163927555084
0.0	0.4152848720550537
1.0	0.41181713342666626
1.0	0.4135555028915405
1.0	0.4168967604637146
1.0	0.41735509037971497
1.0	0.4141503870487213
0.0	0.41453859210014343
1.0	0.4159104526042938
1.0	0.42056167125701904
1.0	0.4132595360279083
0.0	0.41281917691230774
0.0	0.4148502051830292
0.0	0.416402667760849
0.0	0.4098797142505646
1.0	0.4122205078601837
1.0	0.4145250618457794
1.0	0.4163499176502228
0.0	0.4114827811717987
1.0	0.4147830903530121
1.0	0.4174690544605255
0.0	0.41654837131500244
0.0	0.4129326641559601
1.0	0.4176098704338074
0.0	0.41309887170791626
0.0	0.4132869243621826
0.0	0.41686171293258667
0.0	0.4158519208431244
0.0	0.4138646721839905
0.0	0.4163389205932617
1.0	0.4165568947792053
1.0	0.41482409834861755
1.0	0.4128251075744629
1.0	0.41207757592201233
1.0	0.41725581884384155
1.0	0.4152172803878784
0.0	0.41664600372314453
1.0	0.41154107451438904
0.0	0.41516560316085815
1.0	0.41465550661087036
0.0	0.4151898920536041
1.0	0.4148300886154175
1.0	0.41238585114479065
0.0	0.4147014617919922
1.0	0.41670629382133484
1.0	0.4169727563858032
1.0	0.41499826312065125
0.0	0.41306790709495544
0.0	0.41673222184181213
0.0	0.4097839593887329
1.0	0.41638362407684326
0.0	0.4155307412147522
0.0	0.4136061668395996
0.0	0.413531631231308
0.0	0.41089096665382385
0.0	0.41801774501800537
0.0	0.41679608821868896
1.0	0.4147559404373169
0.0	0.41760489344596863
0.0	0.41319528222084045
1.0	0.41707488894462585
0.0	0.414413183927536
0.0	0.41740599274635315
0.0	0.41182395815849304
0.0	0.41350486874580383
1.0	0.41471877694129944
0.0	0.41793444752693176
0.0	0.41371697187423706
0.0	0.4153628349304199
0.0	0.41643601655960083
1.0	0.4133869707584381
0.0	0.4114408791065216
1.0	0.41664984822273254
0.0	0.41653382778167725
1.0	0.4126017987728119
1.0	0.41637447476387024
1.0	0.41564667224884033
0.0	0.4147522449493408
0.0	0.41216880083084106
0.0	0.41671431064605713
0.0	0.41503286361694336
0.0	0.41806259751319885
1.0	0.41259607672691345
0.0	0.41974353790283203
0.0	0.4157549738883972
1.0	0.41338789463043213
1.0	0.41501760482788086
0.0	0.4163098931312561
1.0	0.41470110416412354
1.0	0.4167895019054413
0.0	0.4118151068687439
0.0	0.4145583510398865
1.0	0.4101017713546753
0.0	0.41466933488845825
0.0	0.415893018245697
0.0	0.4140143394470215
1.0	0.4156394898891449
0.0	0.4163910746574402
1.0	0.4135676622390747
0.0	0.41323891282081604
1.0	0.4166577160358429
0.0	0.4155731201171875
0.0	0.4123166501522064
1.0	0.4152783751487732
1.0	0.41464710235595703
1.0	0.4173138737678528
0.0	0.4161108732223511
0.0	0.4147101640701294
1.0	0.4139319062232971
1.0	0.4148039221763611
0.0	0.4152284860610962
0.0	0.41371044516563416
1.0	0.4157511293888092
0.0	0.4147421419620514
1.0	0.41596201062202454
0.0	0.41547244787216187
0.0	0.4143940210342407
1.0	0.4174198508262634
1.0	0.41554635763168335
1.0	0.4153403043746948
0.0	0.4134421944618225
0.0	0.41772133111953735
0.0	0.4177866578102112
0.0	0.4164346158504486
0.0	0.41013672947883606
1.0	0.4162670075893402
0.0	0.4143017530441284
0.0	0.4167690873146057
1.0	0.4169289171695709
0.0	0.40951913595199585
0.0	0.41399481892585754
0.0	0.4112570881843567
0.0	0.41401907801628113
1.0	0.41348132491111755
1.0	0.41474223136901855
1.0	0.4165128171443939
0.0	0.41448670625686646
1.0	0.4161341190338135
1.0	0.41485339403152466
0.0	0.4156516194343567
1.0	0.4160343110561371
0.0	0.41546541452407837
1.0	0.4130344092845917
0.0	0.4139185845851898
0.0	0.415132999420166
1.0	0.411940336227417
1.0	0.4143827259540558
1.0	0.41710910201072693
1.0	0.4135715067386627
1.0	0.41116130352020264
0.0	0.41876915097236633
1.0	0.4153520166873932
0.0	0.41577622294425964
1.0	0.4131379723548889
0.0	0.41661933064460754
1.0	0.41646963357925415
0.0	0.4171988070011139
1.0	0.41466137766838074
1.0	0.41738229990005493
0.0	0.41758209466934204
0.0	0.4160521328449249
1.0	0.4087281823158264
0.0	0.41595155000686646
1.0	0.4127967953681946
1.0	0.4157939553260803
0.0	0.41134926676750183
1.0	0.41691574454307556
1.0	0.41511741280555725
0.0	0.4152393043041229
0.0	0.4130933880805969
0.0	0.4165278375148773
0.0	0.4178635776042938
0.0	0.41382157802581787
0.0	0.4141049385070801
1.0	0.41566646099090576
0.0	0.41159602999687195
0.0	0.4112735390663147
0.0	0.41707858443260193
0.0	0.4162291884422302
0.0	0.4141402542591095
0.0	0.41548141837120056
1.0	0.4157426655292511
1.0	0.4136727452278137
1.0	0.41175124049186707
1.0	0.41622138023376465
1.0	0.41579070687294006
1.0	0.4137636721134186
1.0	0.41687342524528503
0.0	0.4163307845592499
0.0	0.41525229811668396
0.0	0.41627106070518494
0.0	0.41715601086616516
0.0	0.41628262400627136
1.0	0.4156205654144287
0.0	0.40762555599212646
0.0	0.41251516342163086
1.0	0.4157673120498657
0.0	0.41308051347732544
1.0	0.41421452164649963
1.0	0.4154149889945984
1.0	0.41643548011779785
0.0	0.4161733388900757
1.0	0.4129656255245209
1.0	0.4152306020259857
0.0	0.40903449058532715
1.0	0.411189466714859
1.0	0.415317177772522
0.0	0.41495978832244873
0.0	0.4156452417373657
0.0	0.4130624532699585
0.0	0.41499775648117065
0.0	0.41598057746887207
1.0	0.4139283001422882
0.0	0.415884405374527
0.0	0.4167921841144562
1.0	0.41639629006385803
1.0	0.41643550992012024
0.0	0.41489875316619873
0.0	0.41487404704093933
1.0	0.4155559539794922
1.0	0.4169515371322632
1.0	0.4139634370803833
1.0	0.41423743963241577
0.0	0.4170169532299042
0.0	0.41576945781707764
1.0	0.4121823310852051
1.0	0.4159300923347473
0.0	0.4157688021659851
1.0	0.41487130522727966
0.0	0.4152013957500458
1.0	0.41456958651542664
0.0	0.41732558608055115
0.0	0.4141719937324524
1.0	0.4145928621292114
1.0	0.4158298671245575
1.0	0.4121193289756775
0.0	0.4144873023033142
1.0	0.41625282168388367
0.0	0.41772690415382385
0.0	0.415813148021698
0.0	0.41599857807159424
1.0	0.4146650731563568
0.0	0.415438711643219
1.0	0.41525954008102417
1.0	0.41479629278182983
0.0	0.41150155663490295
1.0	0.41359907388687134
1.0	0.4134405851364136
0.0	0.4147876799106598
0.0	0.4129399359226227
0.0	0.41192561388015747
0.0	0.41386449337005615
0.0	0.41558828949928284
1.0	0.41618967056274414
0.0	0.4141365885734558
0.0	0.4149075746536255
1.0	0.41385650634765625
0.0	0.41610926389694214
1.0	0.4170810580253601
0.0	0.4138542115688324
0.0	0.4154447615146637
1.0	0.411876916885376
1.0	0.41565603017807007
1.0	0.41546595096588135
0.0	0.41534143686294556
0.0	0.4158998131752014
1.0	0.41204774379730225
1.0	0.4142371118068695
0.0	0.41346704959869385
1.0	0.4172149896621704
0.0	0.4163220524787903
0.0	0.4156222939491272
0.0	0.4170896112918854
0.0	0.4145805239677429
0.0	0.41584649682044983
0.0	0.4152977764606476
0.0	0.41140785813331604
1.0	0.41338101029396057
1.0	0.41215768456459045
1.0	0.41257035732269287
1.0	0.4155002534389496
1.0	0.41471824049949646
0.0	0.4152473509311676
1.0	0.4098130762577057
1.0	0.41556626558303833
0.0	0.41474321484565735
0.0	0.4141969382762909
1.0	0.4102761149406433
1.0	0.4147808849811554
0.0	0.41816189885139465
0.0	0.41255274415016174
0.0	0.41475430130958557
0.0	0.41408711671829224
1.0	0.41438084840774536
0.0	0.4153056740760803
0.0	0.41085076332092285
1.0	0.4166371822357178
1.0	0.4143248498439789
1.0	0.41692227125167847
1.0	0.41347888112068176
0.0	0.4130949378013611
1.0	0.4144662022590637
1.0	0.41697412729263306
0.0	0.4172685444355011
0.0	0.41192519664764404
0.0	0.4170892834663391
0.0	0.41603952646255493
0.0	0.4163214862346649
1.0	0.4139353632926941
0.0	0.4137364625930786
0.0	0.4176194369792938
1.0	0.41390570998191833
1.0	0.41574329137802124
0.0	0.41408923268318176
0.0	0.4158115088939667
0.0	0.41301366686820984
0.0	0.4163776934146881
0.0	0.41535624861717224
0.0	0.41447320580482483
1.0	0.4158742129802704
1.0	0.41773855686187744
1.0	0.41572219133377075
1.0	0.4160063862800598
1.0	0.4136075973510742
0.0	0.41420692205429077
1.0	0.41458940505981445
0.0	0.41487613320350647
0.0	0.41551220417022705
0.0	0.4176716208457947
0.0	0.41862618923187256
0.0	0.4143511950969696
0.0	0.4139077961444855
0.0	0.4117017388343811
1.0	0.4157745838165283
0.0	0.4159446954727173
0.0	0.4162362813949585
1.0	0.41646283864974976
1.0	0.41640907526016235
0.0	0.4139011800289154
1.0	0.4171316623687744
0.0	0.41231992840766907
1.0	0.41524630784988403
1.0	0.4157753884792328
1.0	0.41286230087280273
0.0	0.41592785716056824
0.0	0.4151863753795624
1.0	0.410920113325119
0.0	0.41487646102905273
0.0	0.41112855076789856
1.0	0.4112897515296936
0.0	0.4147891700267792
0.0	0.41522371768951416
